2.6306719588631893
3.238559048334365
2.7216309316038196
1.7241322386849212
1.04882331650377
1.6870932906929548
0.8910278013892305
-1.1653032030935426
-4.676592134929018
-1.4065396519968147
-2.623853670320589
-4.270706547290516
-2.521019519435553
-0.2979028187994386
-2.413435737666438
2.0832828457388572
2.5622814672219247
1.7085556392215475
2.6826000383498187
2.180880331997031
1.248033444002375
3.219119137642098
3.225209231520848
3.345374141513018
0.6918702953559023
-2.0773716261822717
-1.404522901579261
-3.163783966417017
-2.252802947933078
-3.4704202707082077
-3.1267666024755605
-3.6265511926600578
-2.042488758183844
-2.1203309988506964
-0.04926849948746245
1.0991064001478454
2.134140498954823
2.003119075055942
5.283783432543164
3.7774309505538586
2.3593232653555147
3.0471971258982284
1.352937365010693
1.801715397265487
-0.16997316954000888
-0.5065180340900527
-3.859073947588136
-2.288463407580774
-3.8338051253816214
-1.7128867292680223
-2.4999009293172425
-2.3846274786155663
-2.414146415634084
0.31803615753821723
0.21860491255961795
-0.37633438598594937
2.3541850659538963
2.3014292228263002
1.297450026590056
4.471653186067734
2.4911941882995676
1.98409277993049
1.1956763557925956
1.041904093767966
