2.5577894825005894
8.726237042365707
1.8642555256711677
4.800324658163612
0.4092985806476004
7.942235463636218
10.207959760044027
4.930749161138311
10.685715473888514
7.928830633156146
1.1687766142327156
12.984483733933
6.312546317076827
14.51139081543716
5.440981637801855
7.751250150185015
8.270676218742564
9.747958605605955
6.59746729025756
8.7570275942552
15.78446416229512
10.26698344816944
10.480569264842362
8.448950583363912
12.598823012309136
13.592076924032684
9.445475414637384
17.144013370979902
11.01261552095649
15.885178101282614
17.376072029266922
13.292765070457234
8.141437014231094
9.256929179070202
0.7731022389452562
17.58871031301212
12.17389179952937
22.165180249823166
11.408217502975013
16.430644161715794
22.75712951221494
14.096222294325468
17.311519314748715
23.89882154162772
14.57185673514366
14.704949800575129
24.475852744805472
22.409929471462068
27.153056938244113
25.22833724252351
21.476666217903023
16.36613475220276
17.967002153331013
28.910158164225425
18.754559545554976
30.305959465522037
24.538685413340776
29.981220701513685
23.940023174184994
22.295501855081387
24.995181940932717
22.59703346354909
27.9995615706732
24.984275962434296
