49.64326953058279
53.706758827330226
57.654765715483535
48.887529697348356
40.720965887744086
44.43145827358378
47.62682036195034
42.99576644276992
52.11510051575936
54.10289655695351
47.9263550502939
33.598999986299845
50.27632248277998
49.964610486011324
40.351135533817626
35.47169493408443
43.554285186103655
52.44973274091397
54.05107564775113
63.9048212050915
41.73306410303017
64.27395257076007
57.10279089259757
50.70449948363888
47.60795093512046
53.72550897800619
42.04281249798774
49.740640046006845
56.81750063306771
44.64181180747938
46.2851422998099
40.75748235895815
48.20802383903501
45.47172552454901
47.852512594531454
50.637960782765234
49.36157949280316
57.544813471443845
46.34952526426378
61.94247339585009
43.737531173145626
54.47339278518207
42.264932296205956
45.522654756668686
37.246367845414866
58.897581421884084
49.11017817100653
51.7037333115214
55.907247930846594
43.935926419607334
60.91880496828238
48.91233208824674
47.59624908654853
38.853289177434235
47.49427816295051
41.14442543507875
43.87725498274932
62.707398803957
58.681419138813325
38.37947239905688
51.096615922559934
44.04502289216827
41.86505407487037
43.983803442089794
55.892856496572904
39.58618099940463
47.493040110172124
49.17808375331809
52.39415985515631
47.93972584664779
46.983485009978665
54.34040235137311
52.02021023152627
52.721377685896314
45.73663843827432
51.10594157761251
59.52289541003305
43.115220592655255
47.60806760048482
49.72952724179851
49.301375628924724
56.84231433988728
49.36977396561037
62.22768188046585
32.15043317390355
38.7107483797206
43.13753930924747
47.42584206661399
48.05239033561282
57.392502494403786
45.04017651419252
45.0941179183333
41.57750504004209
59.89663001077052
47.41102808365651
52.7136459838913
47.602439973649915
52.96345524335388
48.08745745003248
52.240143170841634
