57.529238704272146
64.76133629730242
51.23403971809035
59.53394187273368
55.8714686808978
53.84140182389304
60.97079105806977
65.57249017558273
65.02946307494204
54.23603255699403
60.86303738954908
65.97090830478498
46.33148574856521
59.02080430386495
60.43798871580552
54.14192889884082
48.77518110342431
49.17584026002181
60.70466291056846
46.51111732119108
62.230498997996705
54.26638156014601
62.953368149522575
58.46998876411183
50.4913933223455
62.04773746927566
48.95574800104488
55.762447571777436
49.564628362415476
58.19339883047668
65.19769864789004
63.54983415869641
57.67978673403397
48.196698921930505
60.053004080536525
57.15150588202726
45.96649289741723
58.98026705138976
60.14956546858672
59.15291265809768
46.20114095300957
62.764335646714365
46.84466230830888
51.029049207867374
59.84652202865642
50.58589602845326
50.12545776150921
63.859518547272785
53.08387620984541
52.67870473009965
56.75048813849274
64.13149414890233
49.295764663801194
56.50238735526034
46.40630674181987
57.27516217232926
50.38462901310585
59.990358400271006
56.10853628593868
62.97208252840778
50.158732047715525
55.652467400648845
55.38573625954429
61.740725414920064
56.06261317763931
65.58819334996073
62.48462690141841
54.124931364780124
58.51165251068855
53.6730158284208
61.61641556299844
63.133062284458234
56.03104544389038
48.694720195771
50.373761489814534
59.86995604591059
64.80578457784775
64.97072563069023
55.97545166555656
64.33268485335911
46.57685028644036
54.550069721886025
58.17524375179748
64.5543895392723
58.00022330685431
61.76327995235838
61.26007572299641
56.12107376318793
65.99669294714366
55.02332354611876
64.53191077965306
47.4701033122141
50.10327843308817
61.56196910276867
50.52711626214736
49.35318863293262
55.317785403496735
62.59852702452909
66.01129447062794
61.033291053359775
