20.068280568769445
9.551658795482524
-18.99577188336788
-3.98816259767501
12.250565338181476
14.778478466751272
-4.081811009197879
0.5536847891262262
3.6980517056586724
-3.200642695870693
-7.827943862920131
10.73131477387493
12.218872961092599
0.8062221028267875
-3.1262463339369946
-8.631089270884221
-3.522359228940311
11.255984744119596
-0.08276356566807008
1.1545673959958427
-7.075878387978941
-17.07831186412054
3.466164271318923
-4.063302793496719
-10.034887653494847
26.262827504937086
-0.7853278101053638
3.874666699816054
18.60967524380827
-1.295387583708294
-6.530711409183967
-3.2916965897476915
