1.0209796162805838
2.4819140231286094
4.394892353318458
8.513305468309188
4.225455430983511
10.482360570166882
4.600467771883833
2.180316092103933
8.431331999835487
1.3148824382496194
0.5930228245025787
20.11212549088515
11.84637234449474
1.605202687362224
6.784426014593941
2.6167839919044003
1.4689241655611907
0.8516738255757399
2.6949206999900577
16.210760827657623
0.975812743513196
2.4224573156912013
1.0803850748307577
5.630255744405522
2.816886312935088
7.5046471497533735
10.643449146771742
0.1889403403223339
0.25758992170330275
4.194481233555118
11.544880587511788
9.481712578438685
