-4.456795451262664
-0.7614860070654267
2.1128566913824582
22.45621802328622
5.475525115587438
9.21131829201818
9.196536500686559
6.52971561082063
-11.449631769511054
-4.254964295311108
-12.155525563908368
17.748012063704714
2.3873874136433173
-7.070240194795583
-13.697754858445084
18.4119907369575
8.560394085448362
-4.372700625224324
6.338934141015475
-8.984690986030435
3.3895697720828384
1.763736033516023
-8.897379509784667
-1.5954395045662584
3.143504314449949
-5.467090054628422
-9.26197612168139
-2.530051052255108
-7.033992742813383
-4.376867735139139
15.832541912343386
3.412490149338794
10.131794841829853
-5.875103507993038
3.7146383686908253
-1.822417884438031
-1.5486459701265056
-15.532483436689377
11.549467130418119
0.6762640257397798
-21.679025381984495
-1.4646339098578043
7.088261419701494
-2.8835869916998353
-7.350172496600788
-1.7553041760707526
-6.67822955522734
-20.482970641405778
12.91866176555606
-2.4919178993004554
-12.369139000526092
6.1682795676278905
0.7176275039276154
-7.093576491062148
-8.386612264594966
-19.771559974871046
5.0485909094012165
-7.744097555756225
-21.657709699387183
-8.370559457761354
-15.47943393292144
7.452241823124345
16.691063540402112
7.794986400872094
10.656837573887433
-3.4682269664654433
-15.590568716017238
0.014064787938969703
9.692583570083576
8.072075963164318
8.343696654346731
1.5935060149439346
13.281850912839275
-3.8634827563137173
-8.05258370610833
-10.698348196321136
-2.5926281325114338
-12.766933232788746
-11.272441783129716
-7.857286592061294
2.4023687178243036
-0.6772006274687815
-2.0917638374256393
16.199104468535722
-0.07899656899619867
-2.0696663623920535
8.638885703510349
9.613650730575879
8.99340962370308
-7.1829984129125215
1.049149092539861
-8.37237868855402
2.7613483296074515
1.099540559450627
-0.1243753801721581
2.585320968331364
3.2606816137520065
-10.73525077763391
-7.941678831326356
14.484500539221893
5.841048187090321
3.435430280764166
8.26555324009739
-7.431520703436216
-12.294745805573202
2.7663699153716035
-6.504478124240741
17.078835825145738
11.330161741708931
2.058902910355323
5.5267775577510925
6.2054675125059395
-0.9279826000573349
-3.044365564189672
-10.308490932324508
-1.8902542417430883
-10.291862778553183
0.32532764509212697
-6.911777604630975
15.73405052941361
10.806819682723518
-3.1404259665931415
9.498520837744893
-0.9718717673928525
-16.686253401427685
-9.47185132489348
4.465474580531582
0.4044680950872359
