1.1964768324594968
1.7048765270181687
3.0902311220823906
1.0817259132876211
7.567186274521629
0.007928330640079863
1.1393029772828576
0.15676481692182276
1.6144001478686383
1.176328918076968
5.34987480172389
1.3366236322833618
0.5445334002937404
0.3670188331658767
0.09966276269064109
0.19738327856528226
1.5287583415399277
0.19008169188676557
3.899787817447978
1.752359539789277
0.0766381113230461
0.2978940513930885
0.7252404838000219
2.270683894765755
2.273155691075629
2.2906814644690137
2.5285015265751585
0.09325228163019841
8.124200350804017
1.8743588525231725
3.3943619373490628
0.6440300854841092
0.8280292898018852
0.4297271708724878
0.9791003205676398
1.172611160179156
1.7303655496626258
1.2549550936694567
5.14543171227645
1.0722320859349608
0.5557379262296613
0.11660660049284757
0.6701640776609845
2.1087211022733228
0.645319522502277
0.5690174494787573
1.9219428841960964
0.6682505127768207
0.18697187915491315
10.513398100342473
1.4837733269513471
2.0902081410117397
4.582589563774981
0.04874115492581002
0.7402892023444927
7.000022097822763
0.4639190358215164
2.6356324332380074
0.7163651364496573
0.38115844827511897
0.06200959157090938
1.3569466966944181
1.8783366452368229
5.464809038900111
7.524150017418702
0.9181264237593028
0.8260104310095494
2.724661507789054
0.3915989839600118
1.3983309947659124
0.5707690872990275
5.154897820323185
1.1748309253495404
0.662415769161202
0.3289829879914904
1.637957592558336
1.6179679625156258
4.8913852110454545
0.4608921327058859
2.001440398415382
0.07226780602526967
1.9366072348102834
3.0512500352171705
0.03002792677927192
1.354608638698858
1.860469579983237
2.405366723864788
0.06941195717886421
1.5652799676719316
0.7191465373095571
1.5776740796448165
2.2507352996284773
0.8345925044361091
0.5804426432359352
3.362421725478598
0.17770160725807563
0.021828889695370897
1.6272569364991463
0.8279611043927975
0.07705972240232396
2.064107533568197
0.45100895816136105
2.083899121452831
1.7106934318853433
1.117751677296605
6.459977219596366
0.2110707641681686
0.3720544279198019
12.80367860887256
2.2118321649613444
2.496040955073556
2.7234736619281277
3.1206127757494917
0.7560665768623671
0.6548016594726603
4.807922571688907
0.6752466871178816
2.9758962241713127
1.0631320580037573
3.1316906280866705
0.7643486386158791
0.8522871653674304
3.7739100231211147
2.0580767526526293
5.153394248302852
0.24288085250326436
1.0241929467947506
2.9981228481313877
